# nothing

[/tmp/zathura.stdin.TUKV31]
page=0
offset=0
zoom=0.61706161137440763
rotate=0
pages-per-row=1
first-page-column=1:2
page-right-to-left=false
position-x=0.5
position-y=0.071428571428571425
time=1681997810
jumplist=

[sDL3faBuGM64gr+wyg0fqd89U+bitZrw9X9tJsqRoDU=]
page=0
offset=0
zoom=0.61706161137440763
rotate=0
pages-per-row=1
first-page-column=1:2
page-right-to-left=false
position-x=0.5
position-y=0.071428571428571425
time=1681997810
